{
 "cells": [
  {
   "cell_type": "code",
   "execution_count": 2,
   "metadata": {
    "collapsed": false
   },
   "outputs": [],
   "source": [
    "import numpy as np\n",
    "a = np.array([[1, 1, 1, 0],\n",
    "              [3, 3, 3, 0],\n",
    "              [4, 4, 4, 0],\n",
    "              [5, 5, 5, 0]])"
   ]
  },
  {
   "cell_type": "code",
   "execution_count": 3,
   "metadata": {
    "collapsed": true
   },
   "outputs": [],
   "source": [
    "U, s, VT = np.linalg.svd(a, full_matrices=True)"
   ]
  },
  {
   "cell_type": "code",
   "execution_count": 4,
   "metadata": {
    "collapsed": false
   },
   "outputs": [
    {
     "data": {
      "text/plain": [
       "array([[ -1.40028008e-01,   9.90147543e-01,   0.00000000e+00,\n",
       "         -3.16421336e-17],\n",
       "       [ -4.20084025e-01,  -5.94088526e-02,  -4.26401433e-02,\n",
       "         -9.04534034e-01],\n",
       "       [ -5.60112034e-01,  -7.92118034e-02,  -7.67522579e-01,\n",
       "          3.01511345e-01],\n",
       "       [ -7.00140042e-01,  -9.90147543e-02,   6.39602149e-01,\n",
       "          3.01511345e-01]])"
      ]
     },
     "execution_count": 4,
     "metadata": {},
     "output_type": "execute_result"
    }
   ],
   "source": [
    "U"
   ]
  },
  {
   "cell_type": "code",
   "execution_count": 5,
   "metadata": {
    "collapsed": false
   },
   "outputs": [
    {
     "data": {
      "text/plain": [
       "array([  1.23693169e+01,   2.88717587e-16,   1.63522227e-32,\n",
       "         0.00000000e+00])"
      ]
     },
     "execution_count": 5,
     "metadata": {},
     "output_type": "execute_result"
    }
   ],
   "source": [
    "s"
   ]
  },
  {
   "cell_type": "code",
   "execution_count": 6,
   "metadata": {
    "collapsed": false
   },
   "outputs": [
    {
     "data": {
      "text/plain": [
       "array([[-0.57735027, -0.57735027, -0.57735027,  0.        ],\n",
       "       [-0.81649658,  0.40824829,  0.40824829, -0.        ],\n",
       "       [-0.        ,  0.70710678, -0.70710678, -0.        ],\n",
       "       [ 0.        ,  0.        ,  0.        ,  1.        ]])"
      ]
     },
     "execution_count": 6,
     "metadata": {},
     "output_type": "execute_result"
    }
   ],
   "source": [
    "VT"
   ]
  },
  {
   "cell_type": "code",
   "execution_count": null,
   "metadata": {
    "collapsed": true
   },
   "outputs": [],
   "source": []
  }
 ],
 "metadata": {
  "kernelspec": {
   "display_name": "Python [conda root]",
   "language": "python",
   "name": "conda-root-py"
  },
  "language_info": {
   "codemirror_mode": {
    "name": "ipython",
    "version": 2
   },
   "file_extension": ".py",
   "mimetype": "text/x-python",
   "name": "python",
   "nbconvert_exporter": "python",
   "pygments_lexer": "ipython2",
   "version": "2.7.12"
  }
 },
 "nbformat": 4,
 "nbformat_minor": 1
}
